10.009
16.100
16.112
17.067
06.030
17.006
17.033
13.017
14.009
11.004
06.023
15.017
07.010
16.001
16.103
16.099
13.021
17.055
08.008
16.139
16.109
16.117
08.015
02.006
17.066
16.073
17.069
02.028
02.023
16.134
10.002
16.135
16.096
06.036
17.024
09.002
17.074
16.101
02.025
08.028
02.036
17.029
17.048
02.060
04.008
10.003
01.004
16.113
16.107
12.003
16.137
02.018
02.010
02.033
17.031
06.034
02.016
02.013
02.056
16.064
16.094
16.110
16.060
17.018
11.017
16.070
17.051
14.010
10.010
16.082
16.088
03.013
02.040
07.009
02.020
02.007
06.035
02.031
16.116
06.026
16.065
13.016
08.016
17.028
17.037
16.144
02.030
17.034
16.050
02.014
16.063
13.020
17.022
16.128
01.006
17.017
07.002
01.002
06.041
17.023
16.075
16.068
16.092
14.003
05.009
15.020
17.014
17.047
06.024
02.008
16.085
02.035
07.006
16.132
08.002
16.114
06.032
11.015
02.037
16.126
07.011
16.105
16.087
16.104
01.005
17.057
02.019
17.060
02.011
06.029
13.007
10.104
17.038
02.043
16.093
02.045
06.031
16.090
06.040
05.008
17.061
16.106
08.009
17.021
16.079
02.003
02.042
16.095
08.025
17.073
16.066
13.019
17.036
16.141
17.020
02.053
06.038
16.121
07.008
08.013
16.074
08.001
08.023
08.027
06.027
16.086
08.021
03.014
03.011
02.024
17.019
14.005
14.013
02.050
14.007
06.028
14.002
02.058
16.142
08.018
15.019
08.034
11.011
02.001
17.013
10.004
17.059
02.052
02.046
06.039
17.052
16.124
17.053
05.001
16.131
11.016
17.072
16.077
01.003
14.004
16.069
16.108
05.003
16.080
07.004
17.071
01.007
06.044
08.017
08.020
16.145
16.081
08.007
02.012
03.012
17.039
05.006
17.064
17.046
17.040
13.012
16.118
16.076
16.111
16.133
16.046
10.001
17.063
06.037
17.041
16.138
17.027
17.056
02.027
16.123
08.026
07.005
07.007
02.041
17.035
16.119
05.010
17.075
16.130
16.143
16.127
11.001
02.022
17.032
17.015
15.021
12.002
02.021
02.059
16.084
16.125
11.013
08.035
14.011
17.044
16.071
16.061
10.008
14.006
17.065
16.072
02.002
08.032
16.102
17.042
16.048
08.029
11.012
06.033
16.120
16.097
16.078
02.009
17.068
08.022
16.030
14.008
02.026
05.011
16.129
17.050
08.019
06.043
13.022
17.058
13.011
08.036
08.031
17.062
02.015
08.014
17.070
17.025
02.032
02.017
14.001
08.010
02.038
14.014
16.089
02.051
17.026
02.004
02.034
15.018
02.029
10.005
17.045
14.012
02.005
17.049
16.091
16.025
08.033
08.006
16.083
04.007
16.115
08.024
16.140
02.054
17.043
17.012
16.049
06.025
16.067
16.098
16.047
02.039
17.030
17.016
16.122
17.011
02.044
02.055
16.062
04.006
05.004
05.002
07.003
17.054
10.006
11.014
05.007
