16.018
03.002
13.004
15.015
16.032
13.001
16.053
16.057
11.010
16.017
15.006
15.014
15.004
07.001
03.008
13.005
16.011
15.003
16.033
15.002
06.002
16.028
11.002
16.022
11.007
06.006
16.015
13.002
15.001
03.007
17.010
12.006
03.009
15.007
15.011
16.008
16.020
06.016
06.004
17.003
17.007
08.003
08.011
13.014
17.008
16.002
16.024
16.009
11.008
06.007
16.044
04.002
16.059
16.014
16.054
16.019
16.037
06.001
15.008
16.029
06.020
04.003
17.001
15.012
16.038
16.027
17.009
06.003
08.030
17.004
17.005
16.031
06.022
13.003
06.009
11.005
06.017
04.005
06.010
16.016
16.021
16.051
03.005
16.052
17.002
04.004
16.023
11.003
03.006
16.034
16.056
04.001
13.010
16.040
11.006
06.021
15.010
06.005
13.013
16.042
15.013
16.006
06.014
08.037
13.006
13.018
11.009
06.011
16.035
06.015
06.018
16.036
16.055
08.012
16.043
03.003
13.015
06.019
03.004
16.003
16.045
16.012
13.009
08.004
13.008
16.013
06.013
06.012
01.001
08.005
16.026
16.005
16.058
16.007
06.008
16.010
16.041
03.010
09.001
15.009
15.016
16.004
03.001
16.039
15.005
05.005
